1754939075861 9.3375 2
1754939091644 9.1 4
1754939109693 9.1125 6
1754939129236 8.21875 8
1754939148284 9.4375 10
1754939166951 8.1625 12
1754939185521 7.3375 14
1754939203982 7.99375 16
1754939221810 7.0 18
1754939239135 7.74375 20
1754939257027 7.5 22
1754939275567 8.03125 24
1754939292349 7.9375 26
1754939309984 7.6875 28
1754939329915 7.78125 30
1754939346270 6.55 32
1754939362438 7.59375 34
1754939377711 7.5375 36
1754939393383 7.4875 38
1754939408887 7.125 40
1754939424108 6.73125 42
1754939439717 7.725 44
1754939455718 8.26875 46
1754939471069 6.8375 48
1754939486696 7.525 50
1754939502481 7.56875 52
1754939517475 7.23125 54
1754939533228 7.04375 56
1754939548961 6.775 58
1754939564125 7.09375 60
1754939579607 6.725 62
1754939595351 7.90625 64
1754939610815 7.175 66
1754939626685 6.83125 68
1754939642224 7.18125 70
1754939657223 6.83125 72
1754939673419 7.125 74
1754939688892 6.6875 76
1754939704509 6.275 78
1754939721361 6.55625 80
1754939737077 6.48125 82
1754939751916 6.6 84
1754939767830 6.9125 86
1754939783959 5.75625 88
1754939798755 7.31875 90
1754939814467 6.625 92
1754939829504 6.975 94
1754939844945 5.98125 96
1754939860799 5.925 98
1754939876477 6.10625 100
1754939891435 5.99375 102
1754939907252 6.49375 104
1754939922362 6.75 106
1754939937630 6.88125 108
1754939953299 5.99375 110
1754939969013 6.0 112
1754939983981 6.19375 114
1754939999761 6.15 116
1754940015112 5.9375 118
1754940030605 6.6375 120
1754940046322 6.8125 122
1754940061828 6.25625 124
1754940077076 6.35 126
1754940093077 6.1125 128
1754940108272 5.76875 130
1754940123652 6.36875 132
1754940139296 5.79375 134
1754940154697 5.65 136
1754940169782 6.64375 138
1754940185599 6.84375 140
1754940200540 6.44375 142
1754940216111 6.3125 144
1754940232168 6.23125 146
1754940247320 6.40625 148
1754940262803 5.91875 150
1754940278619 6.00625 152
1754940293429 5.80625 154
1754940308853 5.95 156
1754940324679 6.16875 158
1754940339659 6.08125 160
1754940354936 6.18125 162
1754940370821 6.3 164
1754940386144 5.88125 166
1754940401706 5.8 168
1754940417378 6.35625 170
1754940432236 6.03125 172
1754940447766 5.46875 174
1754940463439 6.09375 176
1754940478420 5.6125 178
1754940493889 6.65 180
1754940509583 6.18125 182
1754940525054 6.075 184
1754940541587 6.0625 186
1754940557465 5.96875 188
1754940572571 5.7625 190
1754940588624 5.85 192
1754940604228 5.925 194
1754940619752 5.5 196
1754940636087 6.14375 198
1754940651529 5.86875 200
1754940666635 6.25625 202
1754940682681 5.875 204
1754940698385 5.9875 206
1754940713566 5.46875 208
1754940729722 5.85 210
1754940745000 6.1875 212
1754940760736 5.85625 214
1754940776306 5.9125 216
1754940791706 5.6875 218
1754940806731 5.86875 220
1754940822710 5.6625 222
1754940838703 5.875 224
1754940854029 6.03125 226
1754940869620 5.825 228
1754940885199 5.71875 230
1754940900495 5.2375 232
1754940916457 5.93125 234
1754940931798 6.6875 236
1754940947004 5.84375 238
1754940962605 5.90625 240
1754940978065 5.6375 242
1754940993881 5.875 244
1754941009538 6.0625 246
1754941024677 5.85 248
1754941040157 5.98125 250
1754941055898 5.95625 252
1754941070927 5.84375 254
1754941086858 5.88125 256
1754941102452 6.04375 258
1754941117877 5.65625 260
1754941133548 5.5 262
1754941149063 5.66875 264
1754941164439 5.6625 266
1754941180256 5.89375 268
1754941195543 5.775 270
1754941210819 5.9 272
1754941226835 6.275 274
1754941242473 6.00625 276
1754941257592 5.9125 278
1754941273414 6.1 280
1754941288694 5.38125 282
1754941303824 5.75625 284
1754941319483 5.8625 286
1754941334833 6.1375 288
1754941350106 6.35 290
