1753950377424 8.896809005737305 2
1753950380365 7.779100704193115 4
1753950384170 8.090016555786132 6
1753950388187 8.183784294128419 8
1753950392236 7.501156044006348 10
1753950395342 7.358608913421631 12
1753950398764 7.280714225769043 14
1753950401899 7.62819538116455 16
1753950405600 7.298051452636718 18
1753950408981 7.588891983032227 20
1753950412724 7.135035610198974 22
1753950416240 7.236241722106934 24
1753950419493 7.024926471710205 26
1753950422565 7.13585147857666 28
1753950426274 7.1606720924377445 30
1753950429316 6.865120887756348 32
1753950431859 7.175441646575928 34
1753950434787 7.119394779205322 36
1753950438628 7.174707317352295 38
1753950442343 6.86562032699585 40
1753950445432 6.866720390319824 42
1753950448555 6.874013423919678 44
1753950452052 7.07192850112915 46
1753950455980 6.765753364562988 48
1753950460488 6.898668670654297 50
1753950464506 7.094564628601074 52
1753950467754 6.973291206359863 54
1753950471184 6.900448131561279 56
1753950474626 7.0097801208496096 58
1753950478275 6.890221214294433 60
1753950481510 6.9774433135986325 62
1753950485183 7.013811206817627 64
1753950489101 6.894725513458252 66
1753950492454 6.723079490661621 68
1753950495557 7.1337238311767575 70
1753950498446 6.771691036224365 72
1753950500990 6.744844627380371 74
1753950504047 6.907942485809326 76
1753950506428 7.042101097106934 78
1753950509382 6.753400230407715 80
1753950511951 6.729963397979736 82
1753950514668 6.797186374664307 84
1753950517068 6.606752109527588 86
1753950519816 6.8511758804321286 88
1753950522540 6.841755104064942 90
1753950525382 6.843131160736084 92
1753950529144 7.039267349243164 94
1753950531713 6.669359970092773 96
1753950535657 6.86054162979126 98
1753950538820 6.584122180938721 100
1753950541593 6.603073406219482 102
1753950544830 6.740275859832764 104
1753950548133 6.882493305206299 106
1753950551843 6.794190692901611 108
1753950555744 6.817160606384277 110
1753950558878 6.804957103729248 112
1753950561914 6.749512481689453 114
1753950565199 6.782568073272705 116
1753950568123 6.698876762390137 118
1753950571185 6.7506794929504395 120
1753950574347 6.636263465881347 122
1753950577230 6.575185012817383 124
1753950579989 6.709362125396728 126
1753950582431 6.568735980987549 128
1753950585465 6.629626941680908 130
1753950587938 6.594956684112549 132
1753950590427 6.657803153991699 134
1753950592782 6.609965896606445 136
1753950595225 6.535790252685547 138
1753950597588 6.622693061828613 140
1753950600099 6.584105777740478 142
1753950602516 6.614688396453857 144
1753950605179 6.594768428802491 146
1753950608052 6.578203296661377 148
1753950610948 6.312935447692871 150
1753950613775 6.533370876312256 152
1753950616759 6.504149055480957 154
1753950619894 6.616449642181396 156
1753950623940 6.477711391448975 158
1753950627011 6.470382595062256 160
1753950630409 6.567235660552979 162
1753950633295 6.673091411590576 164
1753950636587 6.639498901367188 166
1753950639730 6.472277736663818 168
1753950643561 6.551718139648438 170
1753950647973 6.848680305480957 172
1753950651391 6.620535850524902 174
1753950654517 6.4751029968261715 176
1753950657399 6.2755125045776365 178
1753950660040 6.482806873321533 180
1753950662662 6.458431243896484 182
1753950665221 6.541748142242431 184
1753950667725 6.703450775146484 186
1753950670428 6.633891201019287 188
1753950672874 6.68433256149292 190
1753950675591 6.362208366394043 192
1753950678007 6.417128181457519 194
1753950680640 6.534966564178466 196
1753950683101 6.535339736938477 198
1753950685821 6.641522693634033 200
1753950688493 6.396042346954346 202
1753950691145 6.487232875823975 204
1753950693877 6.410802555084229 206
1753950696402 6.61198091506958 208
1753950699263 6.4800666809082035 210
1753950701917 6.455373287200928 212
1753950705070 6.546093082427978 214
1753950707830 6.443218994140625 216
1753950710717 6.600004577636719 218
1753950713712 6.6965405464172365 220
1753950716503 6.6449297904968265 222
1753950719679 6.694407367706299 224
1753950722525 6.4129386901855465 226
1753950725529 6.5879693031311035 228
1753950728568 6.594702911376953 230
1753950731440 6.67962064743042 232
1753950734334 6.754011344909668 234
1753950737262 6.502564811706543 236
1753950740148 6.511859512329101 238
1753950742889 6.328237152099609 240
1753950745708 6.4489093780517575 242
1753950748478 6.426123332977295 244
1753950751070 6.675049591064453 246
1753950753729 6.376282215118408 248
1753950756229 6.593619155883789 250
1753950758940 6.5473627090454105 252
1753950761500 6.4109594345092775 254
1753950764066 6.6510824203491214 256
1753950766581 6.538181018829346 258
1753950768966 6.621873092651367 260
1753950771541 6.528405284881591 262
1753950773903 6.582891464233398 264
1753950776656 6.434328556060791 266
1753950779094 6.397259044647217 268
1753950781859 6.720312023162842 270
1753950784470 6.514111137390136 272
1753950787095 6.3393778800964355 274
1753950789834 6.4627117156982425 276
1753950792684 6.5681859970092775 278
1753950795645 6.353496837615967 280
1753950798484 6.450869369506836 282
1753950801627 6.518826580047607 284
1753950804814 6.519154167175293 286
1753950807735 6.465739154815674 288
1753950811562 6.583968830108643 290
1753950815671 6.5867712020874025 292
1753950820118 6.618573760986328 294
1753950824448 6.669686698913575 296
1753950827638 6.539079380035401 298
1753950830920 6.397118663787841 300
1753950834494 6.751511955261231 302
1753950837570 6.509215259552002 304
1753950840176 6.446047592163086 306
1753950842984 6.517680358886719 308
1753950845535 6.326130294799805 310
1753950848196 6.447874259948731 312
1753950850750 6.42065839767456 314
1753950853516 6.552931785583496 316
1753950855977 6.524708366394043 318
1753950858788 6.573794746398926 320
1753950861523 6.378655815124512 322
1753950864215 6.436893939971924 324
1753950866936 6.7242108345031735 326
1753950869581 6.678153705596924 328
1753950872505 6.59210615158081 330
1753950875399 6.447496223449707 332
1753950878410 6.609829044342041 334
1753950881392 6.478326416015625 336
1753950884452 6.483331394195557 338
1753950887325 6.483530044555664 340
1753950890164 6.394616794586182 342
1753950892908 6.439847469329834 344
1753950896264 6.346056747436523 346
1753950899143 6.476728820800782 348
1753950902502 6.52786865234375 350
1753950905947 6.394041442871094 352
1753950909833 6.525907421112061 354
1753950912853 6.572200012207031 356
1753950916278 6.524669456481933 358
1753950919001 6.529894733428955 360
1753950923979 6.250904941558838 362
1753950927784 6.328168678283691 364
1753950930634 6.268187522888184 366
1753950933658 6.53464183807373 368
1753950936277 6.4344230651855465 370
1753950939766 6.52605562210083 372
1753950942897 6.306770896911621 374
1753950946450 6.5345282554626465 376
1753950949370 6.3191162109375 378
1753950952358 6.472812271118164 380
1753950955457 6.559933662414551 382
1753950958653 6.480328464508057 384
1753950962226 6.522705078125 386
1753950966352 6.409267997741699 388
1753950970299 6.713300895690918 390
1753950974020 6.380433368682861 392
1753950977795 6.442057037353516 394
1753950981884 6.5290497779846195 396
1753950985891 6.471938037872315 398
1753950989903 6.530049991607666 400
1753950993484 6.744228935241699 402
1753950997991 6.454483699798584 404
1753951001769 6.531801319122314 406
1753951005867 6.453134632110595 408
1753951008790 6.617832374572754 410
1753951011728 6.352214050292969 412
1753951015083 6.607267189025879 414
1753951018958 6.584811878204346 416
1753951021954 6.46859655380249 418
1753951027218 6.578358459472656 420
1753951033834 6.407891464233399 422
1753951039834 6.435219097137451 424
1753951045470 6.521284198760986 426
1753951051163 6.535104179382325 428
1753951056833 6.3294532775878904 430
1753951062760 6.4031932830810545 432
1753951068898 6.631456661224365 434
1753951074626 6.379437732696533 436
1753951080977 6.478725433349609 438
1753951086734 6.4796422004699705 440
1753951093027 6.401375389099121 442
1753951098629 6.38207311630249 444
1753951104499 6.606816387176513 446
1753951110828 6.678239536285401 448
1753951116312 6.391265392303467 450
1753951122959 6.40639181137085 452
1753951129904 6.359061908721924 454
1753951135927 6.596681594848633 456
1753951142852 6.49761962890625 458
1753951149634 6.306456184387207 460
1753951155380 6.5335722923278805 462
1753951160951 6.570736598968506 464
1753951166832 6.582110786437989 466
1753951172832 6.314865779876709 468
1753951178787 6.561897659301758 470
1753951186375 6.508706569671631 472
1753951192923 6.514674949645996 474
1753951199072 6.437556266784668 476
1753951205709 6.334532928466797 478
1753951212150 6.486230754852295 480
1753951218392 6.492580127716065 482
1753951224168 6.52933988571167 484
1753951230541 6.380234336853027 486
1753951236457 6.638993740081787 488
1753951242228 6.433717346191406 490
1753951247447 6.35977201461792 492
1753951252586 6.347639846801758 494
1753951257860 6.506916904449463 496
1753951263319 6.503845500946045 498
1753951270071 6.688994979858398 500
1753951276744 6.387568855285645 502
1753951283413 6.341929149627686 504
1753951289483 6.425130939483642 506
1753951295366 6.290279388427734 508
1753951301346 6.456532382965088 510
1753951307197 6.552802467346192 512
1753951313225 6.506238842010498 514
1753951319353 6.597590732574463 516
1753951325019 6.5075780868530275 518
1753951330713 6.6777520179748535 520
1753951337761 6.694599246978759 522
1753951343769 6.3741607666015625 524
1753951352071 6.274681568145752 526
1753951358895 6.2941690444946286 528
1753951366152 6.441057205200195 530
1753951371067 6.420744705200195 532
1753951376018 6.239523029327392 534
1753951381191 6.567954444885254 536
1753951386250 6.363235855102539 538
1753951390999 6.543642520904541 540
1753951395955 6.285949611663819 542
1753951401287 6.14787540435791 544
1753951406558 6.459211158752441 546
1753951412061 6.363168621063233 548
1753951417516 6.491542911529541 550
1753951423026 6.407178211212158 552
1753951430133 6.3649801254272464 554
1753951435534 6.724494361877442 556
1753951440715 6.410404777526855 558
1753951445907 6.457461547851563 560
1753951451309 6.275167179107666 562
1753951456172 6.355115222930908 564
1753951461118 6.412166118621826 566
1753951466649 6.592393493652343 568
1753951472132 6.3565342903137205 570
1753951478400 6.536012744903564 572
1753951484507 6.300118732452392 574
1753951490036 6.51538782119751 576
1753951494441 6.4884724617004395 578
1753951498542 6.435408592224121 580
1753951502759 6.458626937866211 582
1753951509242 6.449142074584961 584
1753951514161 6.4216663360595705 586
1753951518871 6.233327770233155 588
1753951530592 6.586203861236572 590
1753951539049 6.479401397705078 592
1753951546168 6.416153240203857 594
1753951551614 6.560311412811279 596
1753951556705 6.357738780975342 598
1753951562111 6.17091474533081 600
1753951566447 6.478761482238769 602
1753951570415 6.547712230682373 604
1753951575059 6.358993911743164 606
1753951579137 6.441170692443848 608
1753951583047 6.279932975769043 610
1753951586910 6.42111120223999 612
1753951590992 6.357642459869385 614
1753951595348 6.446799373626709 616
1753951599852 6.356838226318359 618
1753951604397 6.459899616241455 620
1753951608271 6.553942775726318 622
1753951612397 6.413744735717773 624
1753951616614 6.42045955657959 626
1753951620821 6.451830863952637 628
1753951625026 6.452756690979004 630
1753951629305 6.285460186004639 632
1753951633162 6.4032958984375 634
1753951636909 6.413003063201904 636
1753951640157 6.437622451782227 638
1753951643800 6.51575870513916 640
1753951647715 6.52829532623291 642
1753951651080 6.416459751129151 644
1753951655066 6.492446804046631 646
1753951658796 6.291583824157715 648
1753951663140 6.433231163024902 650
1753951667144 6.479600811004639 652
1753951671344 6.436170482635498 654
1753951675652 6.34661283493042 656
1753951680188 6.370644283294678 658
1753951684902 6.596827697753906 660
1753951689201 6.344572448730469 662
1753951693458 6.648136329650879 664
1753951697837 6.471406745910644 666
1753951701943 6.282384586334229 668
1753951706498 6.458053302764893 670
1753951710469 6.418286323547363 672
1753951714067 6.571854972839356 674
1753951718058 6.528874111175537 676
1753951721584 6.266980934143066 678
1753951724965 6.33311710357666 680
1753951728607 6.320419788360596 682
1753951732564 6.2958324432373045 684
1753951736564 6.487345504760742 686
1753951740511 6.4490461349487305 688
1753951744681 6.417902660369873 690
1753951749231 6.422091674804688 692
1753951753556 6.4899210929870605 694
1753951757687 6.281757354736328 696
1753951761702 6.429437160491943 698
1753951765877 6.488760662078858 700
1753951769916 6.539873504638672 702
1753951774500 6.446735286712647 704
1753951778233 6.558042907714844 706
1753951782250 6.2657171249389645 708
1753951785901 6.345959663391113 710
1753951790135 6.438160228729248 712
1753951794099 6.407148742675782 714
1753951798191 6.369488048553467 716
1753951802553 6.453809452056885 718
1753951806887 6.236735248565674 720
1753951811657 6.399106025695801 722
1753951816423 6.530633163452149 724
1753951821469 6.504121112823486 726
1753951827464 6.388220596313476 728
1753951832141 6.287652206420899 730
1753951837722 6.616830825805664 732
1753951842983 6.4157790184021 734
1753951847805 6.4993993759155275 736
1753951852399 6.4747922897338865 738
1753951856937 6.402148914337158 740
1753951862695 6.38612699508667 742
1753951868288 6.283477687835694 744
1753951874761 6.475172328948974 746
1753951880831 6.216173267364502 748
1753951889398 6.628895378112793 750
1753951896499 6.486299800872803 752
1753951901077 6.555308723449707 754
1753951907216 6.303640365600586 756
1753951911230 6.444442939758301 758
1753951915646 6.862772846221924 760
1753951919764 6.319651794433594 762
1753951923915 6.373485374450683 764
1753951928424 6.418323230743408 766
1753951934790 6.389789676666259 768
1753951942163 6.217409706115722 770
1753951951774 6.5444005012512205 772
1753951958658 6.571923542022705 774
1753951964522 6.491802978515625 776
1753951969926 6.374823951721192 778
1753951975588 6.353831577301025 780
1753951982056 6.278792095184326 782
1753951989818 6.439309597015381 784
1753951995913 6.402478122711182 786
1753952001736 6.544724750518799 788
1753952007700 6.305105209350586 790
1753952014042 6.49808406829834 792
1753952019323 6.436476612091065 794
1753952025982 6.525826549530029 796
1753952036165 6.449771308898926 798
1753952043555 6.411948299407959 800
1753952050263 6.266521644592285 802
1753952055991 6.34460334777832 804
1753952063742 6.327648544311524 806
1753952071117 6.5328779220581055 808
1753952078557 6.378873252868653 810
1753952088281 6.5409595489501955 812
1753952097369 6.189920711517334 814
1753952109736 6.316503238677979 816
1753952117052 6.592342472076416 818
1753952123877 6.436131572723388 820
1753952130077 6.60710334777832 822
1753952137791 6.549609851837158 824
1753952145483 6.488189220428467 826
1753952156208 6.381543922424316 828
1753952165715 6.2022780418396 830
1753952173443 6.351894092559815 832
1753952180139 6.417906856536865 834
1753952187172 6.377176570892334 836
1753952194753 6.256602478027344 838
1753952202784 6.284611320495605 840
1753952207829 6.468064308166504 842
1753952212736 6.313309288024902 844
1753952216504 6.407848644256592 846
1753952220890 6.34864616394043 848
1753952225028 6.376331043243408 850
1753952229674 6.391619777679443 852
1753952234738 6.489521503448486 854
1753952238730 6.401519680023194 856
1753952242529 6.590131759643555 858
1753952247323 6.310365200042725 860
1753952251165 6.498630428314209 862
1753952255269 6.399965858459472 864
1753952259155 6.366571617126465 866
1753952263376 6.413500022888184 868
1753952267883 6.390165519714356 870
1753952272207 6.4796144485473635 872
1753952276813 6.401922988891601 874
1753952281366 6.388733673095703 876
1753952285514 6.178061389923096 878
1753952289461 6.353142833709716 880
1753952293121 6.324420928955078 882
1753952297369 6.330384349822998 884
1753952301493 6.307547187805175 886
1753952306279 6.312699317932129 888
1753952310120 6.4449409484863285 890
1753952313870 6.378032970428467 892
1753952318143 6.331563091278076 894
1753952322318 6.38848762512207 896
1753952326560 6.290773963928222 898
1753952330350 6.313543605804443 900
1753952335013 6.4367876052856445 902
1753952338778 6.37974328994751 904
1753952343198 6.504156112670898 906
1753952347435 6.466200065612793 908
1753952351584 6.26604471206665 910
1753952355555 6.3713301658630375 912
1753952359621 6.434538173675537 914
1753952363590 6.514375782012939 916
1753952367446 6.306257438659668 918
1753952371453 6.418468856811524 920
1753952375733 6.49175615310669 922
1753952379459 6.22552604675293 924
1753952383229 6.451025009155273 926
1753952387906 6.275611209869385 928
1753952392647 6.316586685180664 930
1753952397827 6.490674686431885 932
1753952402546 6.435384464263916 934
1753952407338 6.526950645446777 936
1753952411048 6.272461795806885 938
1753952415454 6.467656230926513 940
1753952419338 6.490191650390625 942
1753952423760 6.411925983428955 944
1753952427953 6.327725505828857 946
1753952432147 6.311601829528809 948
1753952436249 6.345486640930176 950
1753952440114 6.157605171203613 952
1753952444511 6.410315227508545 954
1753952449930 6.345913505554199 956
1753952455167 6.547496509552002 958
1753952459164 6.3146484375 960
1753952463252 6.3321023941040036 962
1753952467912 6.243285655975342 964
1753952471766 6.406073188781738 966
1753952476146 6.388312244415284 968
1753952479816 6.431958103179932 970
1753952484001 6.472525310516358 972
1753952487583 6.380403327941894 974
1753952491752 6.455786895751953 976
1753952495367 6.400569343566895 978
1753952499556 6.50882740020752 980
1753952503594 6.419543266296387 982
1753952510035 6.5288372993469235 984
1753952515745 6.389713954925537 986
1753952521344 6.397829055786133 988
1753952528037 6.443839454650879 990
1753952535530 6.268492603302002 992
1753952540895 6.525838947296142 994
1753952545418 6.351916217803955 996
