1754920440475 9.7625 2
1754920453877 8.525 4
1754920466915 9.475 6
1754920480091 8.96875 8
1754920492912 8.1125 10
1754920506786 8.3125 12
1754920520912 8.24375 14
1754920535400 8.29375 16
1754920549225 7.7875 18
1754920562686 7.9625 20
1754920575762 7.48125 22
1754920589765 8.6625 24
1754920604144 8.54375 26
1754920618420 7.44375 28
1754920633827 7.68125 30
1754920648256 7.325 32
1754920662406 7.66875 34
1754920676954 7.09375 36
1754920692358 6.575 38
1754920708305 7.88125 40
1754920724748 6.91875 42
1754920740341 6.61875 44
1754920756256 7.43125 46
1754920771447 8.18125 48
1754920787292 7.08125 50
1754920803101 6.025 52
1754920817856 7.6875 54
1754920834126 6.56875 56
1754920849917 7.075 58
1754920865279 7.49375 60
1754920881127 8.125 62
1754920897089 6.7 64
1754920912289 7.1875 66
1754920928375 6.3 68
1754920944447 6.60625 70
1754920959601 7.28125 72
1754920974957 6.74375 74
1754920990630 7.0375 76
1754921005942 6.55625 78
1754921022107 6.35625 80
1754921037669 6.8125 82
1754921053238 6.7375 84
1754921068830 7.05625 86
1754921084969 6.05 88
1754921100524 6.53125 90
1754921116265 7.225 92
1754921131571 7.70625 94
1754921147205 6.5875 96
1754921162988 7.375 98
1754921178300 7.64375 100
1754921193910 7.83125 102
1754921209764 6.79375 104
1754921225178 6.33125 106
1754921240967 6.61875 108
1754921257074 6.3625 110
1754921272175 6.2125 112
1754921287325 7.05 114
1754921303023 6.94375 116
1754921319064 6.34375 118
1754921334750 5.7375 120
1754921350661 6.31875 122
1754921365898 7.625 124
1754921382066 6.74375 126
1754921397731 6.15 128
1754921413261 6.16875 130
1754921429067 7.425 132
1754921444779 6.75625 134
1754921460577 6.3125 136
1754921476604 5.81875 138
1754921492159 6.70625 140
1754921507680 6.03125 142
1754921523315 6.23125 144
1754921538934 6.49375 146
1754921554745 6.19375 148
1754921571074 5.8625 150
1754921586290 6.3625 152
1754921607174 6.55 154
1754921629054 6.60625 156
1754921649201 6.11875 158
1754921668305 6.93125 160
1754921686989 6.18125 162
1754921705954 6.125 164
1754921723400 6.4 166
1754921741439 6.5375 168
1754921759631 6.4125 170
1754921781506 6.45625 172
1754921797837 6.3625 174
1754921813941 6.01875 176
1754921829868 6.4125 178
1754921846158 5.89375 180
1754921862225 6.325 182
1754921882054 6.55 184
1754921906968 6.1 186
1754921928068 5.95 188
1754921948627 5.94375 190
1754921968743 5.825 192
1754921987110 6.38125 194
1754922004635 5.99375 196
1754922022383 6.4125 198
1754922041206 6.28125 200
1754922063920 6.0125 202
1754922086813 5.78125 204
1754922110111 5.5625 206
1754922130470 5.9 208
1754922149917 6.175 210
1754922172602 6.16875 212
1754922194071 6.09375 214
1754922215338 5.825 216
1754922239767 6.04375 218
1754922265589 5.96875 220
1754922289407 6.93125 222
1754922307475 5.35625 224
1754922325947 6.3375 226
1754922345667 6.15 228
1754922363004 5.88125 230
1754922380379 5.71875 232
1754922397802 5.54375 234
1754922415216 5.7125 236
1754922433739 5.725 238
1754922450415 6.1375 240
1754922468641 6.0375 242
1754922485667 5.83125 244
1754922502413 5.96875 246
1754922520872 5.89375 248
1754922538400 5.74375 250
1754922556264 5.66875 252
1754922575440 6.2625 254
1754922599252 5.80625 256
1754922621185 5.8625 258
1754922643123 5.96875 260
1754922667928 6.425 262
1754922689444 5.925 264
1754922709075 5.7625 266
1754922727517 6.0875 268
1754922744469 5.875 270
1754922761485 6.40625 272
1754922779967 5.725 274
1754922800810 6.05 276
1754922819417 6.2875 278
1754922837645 6.34375 280
1754922856337 6.41875 282
1754922875527 5.7875 284
1754922893546 5.93125 286
1754922909608 5.76875 288
1754922927158 5.9125 290
1754922945245 5.825 292
1754922961014 5.9625 294
1754922978295 5.98125 296
1754922996051 5.95 298
1754923012491 6.23125 300
1754923029545 5.825 302
1754923047493 5.89375 304
1754923064408 5.7625 306
1754923081263 5.80625 308
1754923098813 5.98125 310
1754923115356 6.2125 312
1754923132128 6.04375 314
1754923150115 5.75625 316
1754923167233 5.6125 318
1754923183458 5.9625 320
1754923201272 5.93125 322
1754923218183 5.71875 324
1754923234060 6.1 326
1754923252133 5.925 328
1754923269622 6.34375 330
1754923285365 6.20625 332
1754923303688 5.79375 334
1754923321294 6.1 336
1754923337146 5.79375 338
1754923355137 5.6875 340
1754923373221 5.5375 342
1754923388958 5.8125 344
1754923406669 5.65625 346
1754923424809 5.80625 348
1754923440832 6.13125 350
1754923458028 5.8875 352
1754923475832 5.6625 354
1754923491666 5.75625 356
1754923508596 5.93125 358
1754923526770 6.19375 360
1754923543085 5.825 362
1754923559950 6.25 364
1754923577715 5.775 366
1754923594359 5.2875 368
1754923611149 5.34375 370
1754923629288 5.73125 372
1754923646121 5.85625 374
1754923662106 5.76875 376
