1754934149724 10.1125 2
1754934165105 8.80625 4
1754934182850 8.6875 6
1754934202056 8.01875 8
1754934221381 8.2375 10
1754934240989 7.99375 12
1754934261126 8.54375 14
1754934282677 8.29375 16
1754934302593 8.24375 18
1754934325169 7.8625 20
1754934345012 8.0875 22
1754934363517 8.425 24
1754934383855 7.13125 26
1754934404169 6.55 28
1754934422130 7.5125 30
1754934442016 7.20625 32
1754934462421 6.53125 34
1754934479459 6.88125 36
1754934497165 6.925 38
1754934515710 7.40625 40
1754934534345 7.125 42
1754934557337 6.41875 44
1754934574082 7.1 46
1754934589050 7.3625 48
1754934606760 6.8 50
1754934626101 7.33125 52
1754934644317 7.54375 54
1754934662772 6.9375 56
1754934681225 7.7 58
1754934702526 7.50625 60
1754934721448 6.89375 62
1754934738672 7.7125 64
1754934758212 6.31875 66
1754934776945 7.88125 68
1754934794549 6.80625 70
1754934812757 7.075 72
1754934831610 6.975 74
1754934849805 7.05625 76
1754934868084 7.33125 78
1754934887535 5.85625 80
1754934909962 6.89375 82
1754934930375 6.30625 84
1754934946453 6.81875 86
1754934966435 6.8625 88
1754934984880 6.24375 90
1754935002461 7.5875 92
1754935019912 7.075 94
1754935035013 7.13125 96
1754935050462 6.2375 98
1754935067391 6.53125 100
1754935085184 6.13125 102
1754935102756 6.0625 104
1754935118042 6.58125 106
1754935132508 6.78125 108
1754935150354 6.275 110
1754935168045 6.08125 112
1754935185725 6.2875 114
1754935202756 6.5375 116
1754935219311 7.15 118
1754935238049 6.9 120
1754935256334 6.98125 122
1754935273461 6.15625 124
1754935291220 6.775 126
1754935310505 5.65625 128
1754935328718 6.9125 130
1754935349774 6.4625 132
1754935370381 6.7375 134
1754935388867 5.85625 136
1754935408721 6.86875 138
1754935425569 5.9875 140
1754935443138 5.69375 142
