1754929977077 9.9375 2
1754929997477 8.9 4
1754930020156 8.6375 6
1754930041149 8.23125 8
1754930061399 8.01875 10
1754930083406 7.66875 12
1754930104599 8.10625 14
1754930124854 7.39375 16
1754930145753 8.31875 18
1754930167470 7.75625 20
1754930192796 8.35 22
1754930213326 7.59375 24
1754930235033 7.9 26
1754930255956 7.3125 28
1754930275733 8.14375 30
1754930298217 7.78125 32
1754930318470 7.4 34
1754930338543 7.55 36
1754930359628 7.0875 38
1754930381948 7.0375 40
1754930402150 6.74375 42
1754930423232 7.05625 44
1754930442571 7.675 46
1754930464728 7.35625 48
1754930487505 6.59375 50
1754930510073 7.13125 52
1754930531034 7.6625 54
1754930552285 7.20625 56
1754930570383 6.39375 58
1754930589469 6.81875 60
1754930609483 7.3875 62
1754930628712 6.4875 64
1754930649659 7.75625 66
1754930670468 6.6 68
1754930691247 7.53125 70
1754930710882 6.9125 72
1754930731043 6.35625 74
1754930752419 6.5125 76
1754930773586 6.6375 78
1754930793491 6.4625 80
1754930812602 7.2625 82
1754930833113 7.2 84
1754930853491 6.2 86
1754930872174 6.2 88
1754930891425 7.1125 90
1754930911735 6.68125 92
1754930930166 6.50625 94
1754930950322 6.675 96
1754930971934 6.425 98
1754930991587 6.825 100
1754931014181 7.15625 102
1754931038017 5.875 104
1754931062465 6.21875 106
1754931083755 6.8 108
1754931104145 6.09375 110
1754931122358 6.8 112
1754931141194 6.95 114
1754931158631 6.375 116
1754931177271 6.4875 118
1754931193869 6.6375 120
1754931210815 6.86875 122
1754931226726 6.55 124
1754931244972 7.1125 126
1754931262978 6.0625 128
1754931283245 6.19375 130
1754931300427 6.8125 132
1754931318986 6.21875 134
1754931336083 6.38125 136
1754931353339 7.1125 138
1754931375704 6.225 140
1754931394018 6.53125 142
1754931412481 6.425 144
1754931433572 6.425 146
1754931450904 6.34375 148
1754931471890 5.925 150
1754931489831 6.4125 152
1754931507364 5.49375 154
1754931524078 5.6125 156
1754931540432 5.6625 158
1754931556223 5.9 160
