1754918753111 10.0 2
1754918767954 8.9125 4
1754918783093 8.73125 6
1754918798744 9.275 8
1754918814360 9.1375 10
1754918831458 8.0625 12
1754918852006 8.34375 14
1754918870775 8.25625 16
1754918886217 8.7125 18
1754918902589 8.83125 20
1754918918550 8.35625 22
1754918934007 8.3 24
1754918949861 7.88125 26
1754918965805 8.3875 28
1754918981494 7.9 30
1754918997451 7.74375 32
1754919013387 7.625 34
1754919029026 7.9625 36
1754919044519 7.56875 38
1754919060086 7.50625 40
1754919076113 7.5125 42
1754919092246 8.0125 44
1754919111526 8.0 46
1754919131754 7.35625 48
1754919150027 7.9375 50
