1754938257464 9.4125 2
1754938275335 9.475 4
1754938293266 8.50625 6
1754938311297 8.15625 8
1754938331307 8.3625 10
1754938351531 8.09375 12
1754938374709 8.0375 14
1754938393940 6.96875 16
1754938410530 7.3375 18
1754938428400 7.38125 20
1754938445301 7.4625 22
1754938462204 8.01875 24
1754938480111 8.0875 26
1754938498780 6.88125 28
1754938514205 7.06875 30
1754938530695 7.61875 32
1754938549358 7.6875 34
1754938567635 6.85 36
1754938586152 6.7875 38
1754938605507 7.325 40
1754938626449 7.5625 42
1754938646241 7.14375 44
1754938665661 6.475 46
1754938684900 7.775 48
1754938701969 7.54375 50
1754938718140 7.925 52
1754938735125 7.19375 54
1754938751268 7.31875 56
1754938769342 6.5625 58
1754938784982 6.53125 60
1754938802896 6.91875 62
1754938820865 7.20625 64
