1755007319116 10.6625 2
1755007421034 9.5 4
1755007529476 9.5375 6
1755007639195 8.36875 8
1755007748622 7.79375 10
1755007858131 8.35 12
1755007986416 8.06875 14
1755008116375 7.33125 16
1755008246612 7.3625 18
1755008371368 7.28125 20
1755008498565 7.76875 22
1755008628595 7.24375 24
1755008758620 7.19375 26
1755008894187 6.85625 28
1755009021296 6.525 30
1755009162688 6.7875 32
1755009306935 6.54375 34
1755009440595 6.8125 36
1755009574178 6.8125 38
1755009687586 6.825 40
1755009800082 6.675 42
1755009911023 6.46875 44
1755010020613 6.69375 46
1755010132912 7.0125 48
1755010242847 6.38125 50
1755010353188 6.4625 52
1755010474277 6.4625 54
1755010593572 6.35625 56
1755010708547 6.2625 58
1755010822256 6.36875 60
1755010932383 6.55 62
1755011039145 6.3125 64
