1755164784711 10.8125 1
1755164809097 10.756250000000001 2
1755164833579 10.624375 3
1755164858505 10.4431875 4
1755164885415 10.20511875 5
1755164912776 9.984606875 6
1755164941185 9.798646187500001 7
1755164972132 9.70628156875 8
1755165003647 9.604403411875001 9
1755165032311 9.350213070687502 10
1755165053703 9.093316763618752 11
1755165079634 8.921485087256878 12
1755165104008 8.72621157853119 13
1755165132310 8.625465420678072 14
1755165157234 8.481668878610265 15
1755165184158 8.280376990749238 16
1755165213006 8.271089291674315 17
1755165236521 8.084605362506885 18
1755165261544 7.888644826256196 19
1755165287231 7.671655343630577 20
1755165317314 7.7169898092675195 21
1755165342990 7.635915828340767 22
1755165376602 7.51607424550669 23
1755165402670 7.517591820956021 24
1755165432838 7.44395763886042 25
