1755164784320 10.8125 1
1755164808816 10.25 2
1755164833287 9.4375 3
1755164857848 8.8125 4
1755164885038 8.0625 5
1755164912433 8.0 6
1755164940796 8.125 7
1755164971674 8.875 8
1755165003305 8.6875 9
1755165031983 7.0625 10
1755165053345 6.78125 11
1755165079321 7.375 12
1755165103654 6.96875 13
1755165131985 7.71875 14
1755165156868 7.1875 15
1755165183839 6.46875 16
1755165212675 8.1875 17
1755165236184 6.40625 18
1755165261165 6.125 19
1755165286837 5.71875 20
1755165316853 8.125 21
1755165342550 6.90625 22
1755165376281 6.4375 23
1755165402367 7.53125 24
1755165432437 6.78125 25
