1755091372871 11.0625 1
1755091401619 10.9625 2
1755091427402 10.81 3
1755091459984 10.572750000000001 4
1755091500584 10.284225000000001 5
1755091529540 10.040177500000002 6
1755091557885 9.714284750000003 7
1755091583898 9.533481275000003 8
1755091612109 9.377008147500003 9
1755091645008 9.111182332750003 10
1755091675264 9.043814099475004 11
1755091709886 8.751932689527504 12
1755091741368 8.661114420574753 13
1755091773722 8.523127978517278 14
1755091805711 8.314565180665552 15
1755091841248 8.289358662598996 16
1755091874744 8.054172796339095 17
1755091911076 8.073755516705186 18
1755091943210 7.9913799650346675 19
1755091973129 7.823491968531201 20
1755092003660 7.731767771678081 21
1755092032757 7.7523409945102735 22
1755092063115 7.6771068950592465 23
1755092091997 7.625021205553322 24
1755092121653 7.51564408499799 25
1755092151053 7.442204676498191 26
1755092181410 7.369859208848372 27
1755092210722 7.251623287963535 28
1755092240985 7.235835959167181 29
1755092270953 7.209127363250463 30
1755092300400 7.085089626925416 31
1755092330976 7.173455664232875 32
1755092359392 7.121735097809587 33
1755092390305 7.115811588028628 34
1755092418535 7.110480429225765 35
1755092449186 7.093182386303189 36
1755092477782 7.13698914767287 37
1755092508039 7.126415232905583 38
1755092537269 7.116898709615025 39
1755092566993 7.148958838653523 40
1755092596829 7.137187954788171 41
1755092625806 7.089094159309354 42
1755092656496 7.020809743378419 43
1755092685455 7.053103769040577 44
1755092716662 6.98529339213652 45
1755092744931 6.9273890529228686 46
1755092775679 6.881525147630581 47
1755092804580 6.7777476328675235 48
1755092834720 6.721847869580771 49
1755092864327 6.793413082622695 50
1755092893727 6.723446774360426 51
1755092923656 6.760477096924383 52
1755092952697 6.715679387231946 53
1755092983163 6.653486448508751 54
1755093011510 6.706887803657876 55
1755093042391 6.692449023292089 56
1755093070537 6.63570412096288 57
1755093100749 6.622133708866593 58
1755093129538 6.591170337979934 59
1755093159982 6.725803304181941 60
1755093189618 6.681347973763747 61
1755093218813 6.628838176387372 62
1755093249037 6.597204358748636 63
1755093277673 6.499983922873772 64
1755093308134 6.574985530586396 65
1755093336148 6.542486977527757 66
1755093367355 6.466363279774981 67
1755093395570 6.3853519517974835 68
1755093426317 6.437441756617735 69
1755093455210 6.412447580955963 70
1755093484867 6.386827822860367 71
1755093514766 6.420020040574331 72
