1755091372504 11.0625 1
1755091401361 10.0625 2
1755091427181 9.4375 3
1755091459582 8.4375 4
1755091500276 7.6875 5
1755091529246 7.84375 6
1755091557618 6.78125 7
1755091583692 7.90625 8
1755091611926 7.96875 9
1755091644592 6.71875 10
1755091674954 8.4375 11
1755091709584 6.125 12
1755091741093 7.84375 13
1755091773467 7.28125 14
1755091805461 6.4375 15
1755091840990 8.0625 16
1755091874488 5.9375 17
1755091910843 8.25 18
1755091942979 7.25 19
1755091972881 6.3125 20
1755092003434 6.90625 21
1755092032517 7.9375 22
1755092062901 7.0 23
1755092091770 7.15625 24
1755092121414 6.53125 25
1755092150778 6.78125 26
1755092181181 6.71875 27
1755092210494 6.1875 28
1755092240743 7.09375 29
1755092270688 6.96875 30
1755092300183 5.96875 31
1755092330736 7.96875 32
1755092359147 6.65625 33
1755092390047 7.0625 34
1755092418255 7.0625 35
1755092448960 6.9375 36
1755092477598 7.53125 37
1755092507851 7.03125 38
1755092537005 7.03125 39
1755092566773 7.4375 40
1755092596571 7.03125 41
1755092625583 6.65625 42
1755092656260 6.40625 43
1755092685206 7.34375 44
1755092716417 6.375 45
1755092744649 6.40625 46
1755092775447 6.46875 47
1755092804338 5.84375 48
1755092834479 6.21875 49
1755092864085 7.4375 50
1755092893487 6.09375 51
1755092923395 7.09375 52
1755092952473 6.3125 53
1755092982900 6.09375 54
1755093011249 7.1875 55
1755093042135 6.5625 56
1755093070312 6.125 57
1755093100501 6.5 58
1755093129282 6.3125 59
1755093159754 7.9375 60
1755093189349 6.28125 61
1755093218564 6.15625 62
1755093248799 6.3125 63
1755093277493 5.625 64
1755093307946 7.25 65
1755093335905 6.25 66
1755093367122 5.78125 67
1755093395307 5.65625 68
1755093426092 6.90625 69
1755093454967 6.1875 70
1755093484645 6.15625 71
1755093514505 6.71875 72
