1754998417312 8.95 2
1754998478011 7.9625 4
1754998532101 8.01875 6
1754998589219 7.1 8
1754998641869 7.39375 10
1754998694775 8.21875 12
1754998750345 7.0625 14
1754998803256 7.1125 16
1754998854951 7.18125 18
1754998920331 6.55 20
1754998988601 6.8875 22
1754999058342 6.31875 24
1754999130834 6.44375 26
1754999197739 6.625 28
1754999261464 6.6625 30
1754999336613 6.4875 32
1754999400800 6.55 34
1754999460719 6.21875 36
1754999533183 6.13125 38
1754999611186 6.75625 40
1754999671244 6.36875 42
1754999742485 6.2875 44
1754999799620 6.04375 46
1754999863751 6.025 48
1754999933792 6.4125 50
1754999993274 6.15625 52
1755000058341 6.075 54
1755000115409 6.1875 56
1755000170547 5.725 58
1755000232472 5.94375 60
1755000294637 6.075 62
1755000351588 6.03125 64
1755000409776 5.75625 66
1755000468953 5.775 68
1755000525783 5.725 70
1755000583070 5.99375 72
