1754905856810 9.55 2
1754905882328 8.4125 4
1754905905016 8.44375 6
1754905929067 8.31875 8
1754905951874 8.575 10
1754905977107 8.375 12
1754906002290 7.70625 14
1754906024662 7.95625 16
1754906049964 7.8125 18
1754906075640 7.9 20
1754906099648 7.325 22
1754906127558 7.65625 24
1754906156365 7.79375 26
1754906186077 7.81875 28
1754908756080 7.8125 30
1754908786050 7.18125 32
1754908814604 7.4 34
1754908836489 7.2125 36
1754908859757 7.6875 38
1754908882868 7.4625 40
1754908904490 7.71875 42
1754908929250 7.5 44
1754908951326 7.2875 46
1754908974339 7.125 48
1754908998099 7.7875 50
1754909022601 7.41875 52
1754909048388 7.7375 54
1754909074104 7.38125 56
1754909100179 7.7 58
1754909132099 7.70625 60
1754909163454 7.09375 62
1754909189280 7.4125 64
1754909216601 7.63125 66
1754909241300 6.98125 68
1754909269353 7.30625 70
1754909297327 7.2375 72
1754909322120 7.325 74
1754909349784 7.2375 76
1754909378724 7.6875 78
1754909403588 7.3875 80
1754909430646 7.08125 82
1754909460811 7.5375 84
1754909486023 7.5375 86
1754909512810 6.95625 88
1754909540543 7.95 90
1754909568214 6.9125 92
1754909595816 7.8625 94
1754909623420 6.9625 96
1754909649976 7.4375 98
1754909678428 6.99375 100
1754909705663 7.2625 102
1754909731370 7.1125 104
1754909760490 7.74375 106
1754909789306 7.15 108
1754909815500 7.0625 110
1754909845029 7.15625 112
1754909872583 7.16875 114
1754909899162 7.10625 116
1754909928381 7.0 118
1754909956909 7.1375 120
1754909982474 7.10625 122
1754910011403 6.99375 124
1754910041494 7.2625 126
1754910068886 6.81875 128
1754910097154 6.7 130
1754910126984 7.1625 132
1754910154556 6.90625 134
1754910182878 7.025 136
1754910209704 6.925 138
1754910238420 6.85625 140
1754910268208 6.9875 142
1754910295790 7.1875 144
1754910323939 7.06875 146
1754910353916 7.00625 148
1754910381574 7.49375 150
1754910410063 6.80625 152
1754910440313 6.70625 154
1754910468392 6.81875 156
1754910497001 6.975 158
1754910526091 7.1 160
1754910555794 6.925 162
1754910584875 6.76875 164
1754910614121 6.525 166
1754910642316 7.1125 168
1754910671146 6.6375 170
1754910701127 7.11875 172
1754910728039 6.99375 174
1754910757715 6.81875 176
1754910785802 6.525 178
1754910813680 6.93125 180
1754910844390 7.30625 182
1754910872424 7.59375 184
1754910901188 6.88125 186
1754910930271 6.675 188
1754910966192 6.56875 190
1754910997382 6.78125 192
1754911028407 7.08125 194
1754911059009 7.1 196
1754911094762 6.7875 198
1754911128810 6.3 200
1754911157436 6.65625 202
1754911191760 6.7875 204
1754911220709 6.625 206
1754911251271 6.75625 208
1754911281979 6.4625 210
1754911311680 7.13125 212
1754911342385 6.925 214
1754911371402 6.88125 216
1754911400443 7.0 218
1754911430588 6.8 220
1754911460741 6.5875 222
1754911490431 6.63125 224
1754911520628 6.8375 226
1754911550358 6.7625 228
1754911579488 6.425 230
1754911610074 6.7125 232
1754911640152 6.65 234
1754911669613 6.83125 236
1754911699052 6.96875 238
1754911729297 6.65 240
1754911759047 6.9 242
1754911789450 7.0125 244
1754911817776 6.95625 246
1754911847510 6.13125 248
1754911877955 7.3125 250
1754911907440 6.775 252
1754911937392 6.94375 254
1754911966925 7.075 256
1754911996561 6.85 258
1754912026666 6.63125 260
1754912057119 7.19375 262
1754912085603 6.80625 264
1754912115882 6.76875 266
1754912145708 6.78125 268
1754912175307 7.25 270
1754912205030 7.20625 272
1754912234336 6.9125 274
1754912263879 6.73125 276
1754912294378 6.73125 278
1754912326294 6.7125 280
1754912356903 6.8125 282
1754912387221 6.79375 284
1754912417147 6.63125 286
1754912445219 6.8 288
1754912472271 6.9875 290
1754912497992 7.3 292
1754912525355 6.625 294
1754912552635 6.96875 296
1754912579288 6.54375 298
1754912606663 6.9875 300
1754912633716 6.3875 302
1754912665297 6.39375 304
1754912695303 6.85 306
1754912724637 6.61875 308
1754912754744 6.60625 310
1754912785797 6.6625 312
1754912814483 6.93125 314
1754912845518 6.65625 316
1754912875001 7.025 318
1754912904345 6.14375 320
1754912934894 6.75 322
1754912965419 6.16875 324
1754912995711 6.375 326
1754913026436 6.825 328
1754913056085 6.40625 330
1754913086154 7.08125 332
1754913115920 6.3875 334
1754913146185 7.08125 336
1754913176225 6.34375 338
1754913206371 7.09375 340
1754913236970 6.925 342
1754913266794 6.8 344
1754913296726 6.78125 346
1754913326714 7.18125 348
1754913356383 6.96875 350
1754913386447 6.975 352
1754913416624 6.5625 354
1754913446099 7.04375 356
1754913476293 6.63125 358
1754913506705 7.25625 360
1754913535599 7.20625 362
1754913566347 6.4125 364
1754913596853 6.4625 366
1754913626687 6.54375 368
1754913656167 6.925 370
1754913686754 6.9375 372
1754913716303 7.3375 374
1754913746719 6.36875 376
1754913776564 6.275 378
1754913807373 6.35625 380
1754913837683 6.64375 382
1754913867117 6.9625 384
1754913897165 6.31875 386
1754913927930 6.56875 388
1754913958131 6.375 390
1754913988306 6.5375 392
1754914017336 6.625 394
1754914047953 6.66875 396
1754914077259 6.43125 398
1754914107430 6.46875 400
1754914138018 6.68125 402
1754914168565 6.95625 404
1754914198190 6.85 406
1754914228322 6.60625 408
1754914258258 6.63125 410
1754914288607 6.03125 412
1754914317851 6.55 414
1754914348372 6.85625 416
1754914378760 6.66875 418
1754914408139 6.7 420
1754914438775 6.5875 422
1754914468361 6.4125 424
1754914498410 6.9625 426
1754914529496 6.575 428
1754914559064 6.5 430
1754914589298 6.4 432
1754914619530 6.39375 434
1754914649115 6.7625 436
1754914680217 6.68125 438
1754914715280 6.7125 440
1754914748273 6.39375 442
1754914778654 6.5125 444
1754914809998 6.825 446
1754914839773 6.6 448
1754914870127 6.49375 450
1754914900459 6.8625 452
1754914930754 6.875 454
1754914961756 6.975 456
1754914993756 7.01875 458
1754915031674 6.825 460
1754915068937 6.44375 462
1754915099790 6.625 464
1754915129640 6.70625 466
1754915159488 6.5125 468
1754915190240 6.85 470
1754915219790 6.43125 472
1754915249755 6.7125 474
1754915279285 6.70625 476
1754915308689 6.725 478
1754915339274 6.7375 480
1754915369946 6.73125 482
1754915399788 6.56875 484
1754915429578 6.45 486
1754915459542 7.00625 488
1754915489920 6.5875 490
1754915519131 6.63125 492
1754915549289 6.28125 494
1754915579662 6.30625 496
1754915609440 6.525 498
1754915639561 6.90625 500
1754915669994 6.55625 502
1754915700451 6.8125 504
1754915731013 6.43125 506
1754915761500 6.4375 508
1754915791340 6.825 510
1754915820830 6.39375 512
1754915851349 6.16875 514
1754915881204 6.43125 516
1754915911233 7.325 518
1754915942874 6.69375 520
1754915974555 6.29375 522
1754916004652 6.6375 524
1754916036278 6.5625 526
1754916066356 6.725 528
1754916097119 6.55 530
1754916127378 6.325 532
1754916157342 6.71875 534
1754916186995 6.68125 536
1754916217663 6.65 538
1754916248608 6.6625 540
1754916279485 6.73125 542
1754916309303 6.40625 544
1754916339299 6.675 546
1754916369370 6.56875 548
1754916399942 6.50625 550
1754916430168 6.4125 552
1754916460444 6.55 554
1754916490228 6.175 556
1754916520654 6.8 558
1754916551123 6.6 560
1754916581067 6.70625 562
1754916612787 6.175 564
1754916642152 6.64375 566
1754916673181 6.55 568
1754916703107 6.9375 570
1754916733745 6.3625 572
1754916763835 6.925 574
1754916794846 6.55 576
1754916824808 6.6625 578
1754916854972 6.83125 580
1754916885193 6.4 582
1754916915292 7.2875 584
1754916945748 6.825 586
1754916976380 6.55 588
1754917006108 6.46875 590
1754917036344 6.4 592
1754917067193 6.2375 594
1754917097873 6.7625 596
1754917128119 6.35 598
1754917159301 7.09375 600
1754917189558 6.775 602
1754917219753 6.7625 604
1754917249305 6.39375 606
1754917278981 6.79375 608
1754917308663 6.89375 610
1754917340023 6.51875 612
1754917369867 7.0875 614
1754917400385 6.4 616
1754917430416 6.575 618
1754917460842 6.55 620
1754917490785 6.4625 622
1754917522230 6.7875 624
1754917553040 6.8125 626
1754917583416 6.45625 628
1754917614069 6.725 630
1754917644005 6.3375 632
1754917674060 7.05 634
1754917704636 6.23125 636
1754917735402 6.4625 638
1754917765887 6.35625 640
1754917796263 6.4875 642
1754917826799 6.40625 644
1754917856919 6.44375 646
1754917887317 6.50625 648
1754917917860 6.3875 650
1754917947726 6.14375 652
1754917977625 6.625 654
1754918008379 6.46875 656
1754918038417 6.8 658
1754918069542 6.8125 660
1754918099772 6.74375 662
1754918130221 6.2875 664
1754918159984 6.45 666
1754918193700 6.58125 668
1754918224052 7.175 670
