1754970109763 9.6125 2
1754970166773 7.9125 4
1754970224691 7.575 6
1754970282012 8.075 8
1754970341041 6.76875 10
1754970406724 7.0875 12
1754970472633 7.225 14
1754970537833 7.1125 16
1754970603001 6.5 18
1754970667623 6.8125 20
1754970731595 6.1875 22
1754970796893 6.09375 24
1754970861575 7.3125 26
1754970925966 6.3875 28
1754970992725 6.9375 30
1754971057144 6.71875 32
1754971121859 6.25625 34
1754971186444 6.10625 36
1754971251188 6.1 38
1754971315606 6.175 40
1754971380247 6.0375 42
1754971444507 6.2125 44
1754971508574 6.2875 46
1754971573032 6.325 48
1754971637325 6.21875 50
1754971701271 6.43125 52
1754971765268 5.78125 54
1754971830082 6.2875 56
1754971894596 6.24375 58
1754971959119 5.90625 60
1754972023502 6.25 62
1754972087808 5.925 64
1754972152261 6.2125 66
1754972218330 6.08125 68
1754972286878 5.90625 70
1754972377370 5.95625 72
